******** NEW SESSION ********
SIMULATED
1 Number of items picked: 0 Status state: PC_READY
0, 0, 0
Currently Idle
Suction on: false
Suction: 1 = BAD SUCTION

8447 Number of items picked: 0 Status state: PC_ZERO_RETURN

8448 Number of items picked: 0 Status state: PC_ZERO_RETURN_WAIT

0, 0, 0
-1, 0, 0
-2, -1, -1
-3, -1, -1
-4, -2, -2
-5, -2, -2
-6, -3, -3
-7, -3, -3
-8, -4, -4
-9, -4, -4
-10, -5, -5
-11, -5, -5
-12, -6, -6
-13, -6, -6
-14, -7, -7
-15, -7, -7
-16, -8, -8
-17, -8, -8
-18, -9, -9
-19, -9, -9
-20, -10, -10
-21, -10, -10
-22, -11, -11
-23, -11, -11
-24, -12, -12
-25, -12, -12
-26, -13, -13
-27, -13, -13
-28, -14, -14
-29, -14, -14
-30, -15, -15
-31, -15, -15
-32, -16, -16
-33, -16, -16
-34, -17, -17
-35, -17, -17
-36, -18, -18
-37, -18, -18
-37, -19, -19
-38, -19, -19
-39, -19, -19
-39, -20, -20
-40, -20, -20
-41, -20, -20
-41, -21, -21
-42, -21, -21
-43, -21, -21
-43, -22, -22
-44, -22, -22
-45, -22, -22
-45, -23, -23
-46, -23, -23
-47, -23, -23
-47, -24, -24
-48, -24, -24
-49, -24, -24
-49, -25, -25
-50, -25, -25
-51, -25, -25
-51, -26, -26
-52, -26, -26
-53, -26, -26
-53, -27, -27
-54, -27, -27
-55, -27, -27
-55, -28, -28
-56, -28, -28
-57, -28, -28
-57, -29, -29
-58, -29, -29
-59, -29, -29
-59, -30, -30
-60, -30, -30
-61, -30, -30
-61, -31, -31
-62, -31, -31
-63, -31, -31
-63, -32, -32
-64, -32, -32
-65, -32, -32
-65, -33, -33
-66, -33, -33
-67, -33, -33
-67, -34, -34
-68, -34, -34
-69, -34, -34
-69, -35, -35
-70, -35, -35
-71, -35, -35
-71, -36, -36
-72, -36, -36
-73, -36, -36
-73, -37, -37
-74, -37, -37
-75, -37, -37
-75, -38, -38
-76, -38, -38
-77, -38, -38
-77, -39, -39
-78, -39, -39
-79, -39, -39
-79, -40, -40
-80, -40, -40
-81, -40, -40
-81, -41, -41
-82, -41, -41
-83, -41, -41
-83, -42, -42
-84, -42, -42
-85, -42, -42
-85, -43, -43
-86, -43, -43
-87, -43, -43
-87, -44, -44
-88, -44, -44
-89, -44, -44
-89, -45, -45
-90, -45, -45
-91, -45, -45
-91, -46, -46
-92, -46, -46
-93, -46, -46
-93, -47, -47
-94, -47, -47
-95, -47, -47
-95, -48, -48
-96, -48, -48
-97, -48, -48
-97, -49, -49
-98, -49, -49
-99, -49, -49
-99, -50, -49
-100, -50, -49
-101, -50, -49
-101, -51, -49
-102, -51, -49
-103, -51, -49
-103, -52, -49
-104, -52, -49
-105, -52, -49
-105, -53, -49
-106, -53, -49
-107, -53, -49
-107, -54, -49
-108, -54, -49
-109, -54, -49
-109, -55, -49
-110, -55, -49
-111, -55, -49
-111, -56, -49
-112, -56, -49
-113, -56, -49
-113, -57, -49
-114, -57, -49
-115, -57, -49
-115, -58, -49
-116, -58, -49
-117, -58, -49
-117, -59, -49
-118, -59, -49
-119, -59, -49
-119, -60, -49
-120, -60, -49
-121, -60, -49
-121, -61, -49
-122, -61, -49
-123, -61, -49
-123, -62, -49
-124, -62, -49
-125, -62, -49
-125, -63, -49
-126, -63, -49
-127, -63, -49
-127, -64, -49
-128, -64, -49
-129, -64, -49
-129, -65, -49
-130, -65, -49
-131, -65, -49
-131, -66, -49
-132, -66, -49
-133, -66, -49
-133, -67, -49
-134, -67, -49
-135, -67, -49
-135, -68, -49
-136, -68, -49
-137, -68, -49
-137, -69, -49
-138, -69, -49
-139, -69, -49
-139, -70, -49
-140, -70, -49
-141, -70, -49
-141, -71, -49
-142, -71, -49
-143, -71, -49
-143, -72, -49
-144, -72, -49
-145, -72, -49
-145, -73, -49
-146, -73, -49
-147, -73, -49
-147, -74, -49
-148, -74, -49
-149, -74, -49
-149, -75, -49
-150, -75, -49
-151, -75, -49
-151, -76, -49
-152, -76, -49
-153, -76, -49
-153, -77, -49
-154, -77, -49
-155, -77, -49
-155, -78, -49
-156, -78, -49
-157, -78, -49
-157, -79, -49
-158, -79, -49
-159, -79, -49
-159, -80, -49
-160, -80, -49
-161, -80, -49
-161, -81, -49
-162, -81, -49
-163, -81, -49
-163, -82, -49
-164, -82, -49
-165, -82, -49
-165, -83, -49
-166, -83, -49
-167, -84, -49
-168, -84, -49
-169, -85, -49
-170, -85, -49
-171, -86, -49
-172, -86, -49
-173, -87, -49
-174, -87, -49
-175, -88, -49
-176, -88, -49
-177, -89, -49
-178, -89, -49
-179, -90, -49
-180, -90, -49
-181, -91, -49
-182, -91, -49
-183, -92, -49
-184, -92, -49
-185, -93, -49
-186, -93, -49
-187, -94, -49
-188, -94, -49
-189, -95, -49
-190, -95, -49
-191, -96, -49
-192, -96, -49
-193, -97, -49
-194, -97, -49
-195, -98, -49
-196, -98, -49
-197, -99, -49
-198, -99, -49
-199, -100, -49
-200, -100, -49
-201, -101, -49
-202, -101, -49
-203, -102, -49
-204, -102, -49
-204, -103, -49
-205, -103, -49
-206, -103, -49
-206, -104, -49
-207, -104, -49
-208, -104, -49
-208, -105, -49
-209, -105, -49
-210, -105, -49
-210, -106, -49
-211, -106, -49
-212, -106, -49
-212, -107, -49
-213, -107, -49
-214, -107, -49
-214, -108, -49
-215, -108, -49
-216, -108, -49
-216, -109, -49
-217, -109, -49
-218, -109, -49
-218, -110, -49
-219, -110, -49
-220, -110, -49
-220, -111, -49
-221, -111, -49
-222, -111, -49
-222, -112, -49
-223, -112, -49
-224, -112, -49
-224, -113, -49
-225, -113, -49
-226, -113, -49
-226, -114, -49
-227, -114, -49
-228, -114, -49
-229, -115, -49
-230, -115, -49
-231, -116, -49
-232, -116, -49
-233, -117, -49
-234, -117, -49
-235, -118, -49
-236, -118, -49
-237, -119, -49
-238, -119, -49
-239, -120, -49
-240, -120, -49
-241, -121, -49
-242, -121, -49
-242, -122, -49
-243, -122, -49
-244, -122, -49
-244, -123, -49
-245, -123, -49
-246, -123, -49
-246, -124, -49
-247, -124, -49
-248, -124, -49
-248, -125, -49
-249, -125, -49
-250, -125, -49
-250, -126, -49
-251, -126, -49
-252, -126, -49
-252, -127, -49
-253, -127, -49
-254, -127, -49
-254, -128, -49
-255, -128, -49
-256, -128, -49
-256, -129, -49
-257, -129, -49
-258, -129, -49
-258, -130, -49
-259, -130, -49
-260, -130, -49
-260, -131, -49
-261, -131, -49
-262, -131, -49
-262, -132, -49
-263, -132, -49
-264, -132, -49
-264, -133, -49
-265, -133, -49
-266, -133, -49
-266, -134, -49
-267, -134, -49
-268, -134, -49
-268, -135, -49
-269, -135, -49
-270, -135, -49
-270, -136, -49
-271, -136, -49
-272, -136, -49
-272, -137, -49
-273, -137, -49
-274, -137, -49
-274, -138, -49
-275, -138, -49
-276, -138, -49
-276, -139, -49
-277, -139, -49
-278, -139, -49
-278, -140, -49
-279, -140, -49
-280, -140, -49
-280, -141, -49
-281, -141, -49
-282, -141, -49
-282, -142, -49
-283, -142, -49
-284, -142, -49
-284, -143, -49
-285, -143, -49
-286, -143, -49
-286, -144, -49
-287, -144, -49
-288, -144, -49
-288, -145, -49
-289, -145, -49
-290, -145, -49
-290, -146, -49
-291, -146, -49
-292, -146, -49
-292, -147, -49
-293, -147, -49
-294, -147, -49
-294, -148, -49
-295, -148, -49
-296, -148, -49
-296, -149, -49
-297, -149, -49
-298, -149, -49
-298, -150, -49
-299, -150, -49
-300, -150, -49
-300, -151, -49
-301, -151, -49
-302, -151, -49
-302, -152, -49
-303, -152, -49
-304, -152, -49
-304, -153, -49
-305, -153, -49
-306, -153, -49
-306, -154, -49
-307, -154, -49
-308, -154, -49
-309, -154, -49
-310, -154, -49
-311, -154, -49
-312, -154, -49
-313, -154, -49
-314, -154, -49
-315, -154, -49
-316, -154, -49
-317, -154, -49
-318, -154, -49
-319, -154, -49
-320, -154, -49
-321, -154, -49
-322, -154, -49
-323, -154, -49
-324, -154, -49
-325, -154, -49
-326, -154, -49
-327, -154, -49
-328, -154, -49
-329, -154, -49
-330, -154, -49
-331, -154, -49
-332, -154, -49
-333, -154, -49
-334, -154, -49
-335, -154, -49
-336, -154, -49
-337, -154, -49
-338, -154, -49
-339, -154, -49
-340, -154, -49
-341, -154, -49
-342, -154, -49
-343, -154, -49
-344, -154, -49
-345, -154, -49
-346, -154, -49
-347, -154, -49
-348, -154, -49
-349, -154, -49
-350, -154, -49
-351, -154, -49
-352, -154, -49
-353, -154, -49
-354, -154, -49
-355, -154, -49
-356, -154, -49
-357, -154, -49
-358, -154, -49
-359, -154, -49
-360, -154, -49
-361, -154, -49
-362, -154, -49
-363, -154, -49
-364, -154, -49
-365, -154, -49
-366, -154, -49
-367, -154, -49
-368, -154, -49
-369, -154, -49
-370, -154, -49
-371, -154, -49
-372, -154, -49
-373, -154, -49
-374, -154, -49
-375, -154, -49
-376, -154, -49
-377, -154, -49
-378, -154, -49
-379, -154, -49
-380, -154, -49
-381, -154, -49
-382, -154, -49
-383, -154, -49
-384, -154, -49
-385, -154, -49
-386, -154, -49
-387, -154, -49
-388, -154, -49
-389, -154, -49
-390, -154, -49
-391, -154, -49
-392, -154, -49
-393, -154, -49
-394, -154, -49
-395, -154, -49
-396, -154, -49
-397, -154, -49
-398, -154, -49
-399, -154, -49
-400, -154, -49
-401, -154, -49
-402, -154, -49
-403, -154, -49
-404, -154, -49
-405, -154, -49
-406, -154, -49
-407, -154, -49
-408, -154, -49
-409, -154, -49
-410, -154, -49
-411, -154, -49
-412, -154, -49
-413, -154, -49
-414, -154, -49
-415, -154, -49
-416, -154, -49
-417, -154, -49
-417, -154, -49
Currently Idle

9927 Number of items picked: 0 Status state: PC_READY

13696 Number of items picked: 0 Status state: PC_PICK_COMMAND_RECEIVED
-417, -154, -49

13697 Number of items picked: 0 Status state: PC_TARGET_FOUND

-414, -153, -48
-413, -153, -47
-413, -152, -47
-412, -152, -47
-411, -152, -46
-411, -151, -46
-410, -151, -46
-409, -151, -45
-409, -150, -45
-408, -150, -45
-407, -150, -44
-407, -149, -44
-406, -149, -44
-406, -149, -43
-405, -148, -43
-404, -148, -43
-404, -148, -42
-403, -147, -42
-402, -147, -42
-402, -147, -41
-401, -146, -41
-400, -146, -41
-400, -146, -40
-399, -145, -40
-398, -145, -40
-398, -145, -39
-397, -144, -39
-396, -144, -39
-396, -144, -38
-395, -143, -38
-394, -143, -38
-394, -143, -37
-393, -142, -37
-392, -142, -37
-392, -142, -36
-391, -141, -36
-390, -141, -36
-390, -141, -35
-389, -140, -35
-388, -140, -35
-388, -140, -34
-387, -139, -34
-386, -139, -34
-386, -139, -33
-385, -138, -33
-384, -138, -33
-384, -138, -32
-383, -137, -32
-382, -137, -32
-382, -137, -31
-381, -136, -31
-380, -136, -31
-380, -136, -30
-379, -135, -30
-378, -135, -30
-378, -135, -29
-377, -134, -29
-376, -134, -29
-376, -134, -28
-375, -133, -28
-374, -133, -28
-374, -133, -27
-373, -132, -27
-372, -132, -27
-372, -132, -26
-371, -131, -26
-370, -131, -26
-370, -131, -25
-370, -130, -25
-369, -130, -25
-368, -130, -25
-368, -130, -24
-368, -129, -24
-367, -129, -24
-366, -129, -24
-366, -129, -23
-366, -128, -23
-365, -128, -23
-364, -128, -23
-364, -128, -22
-364, -127, -22
-363, -127, -22
-362, -127, -22
-362, -127, -21
-362, -126, -21
-361, -126, -21
-360, -126, -21
-360, -126, -20
-360, -125, -20
-359, -125, -20
-358, -125, -20
-358, -125, -19
-358, -124, -19
-357, -124, -19
-356, -124, -19
-356, -124, -18
-356, -123, -18
-355, -123, -18
-354, -123, -18
-354, -123, -17
-354, -122, -17
-353, -122, -17
-352, -122, -17
-352, -122, -16
-352, -121, -16
-351, -121, -16
-350, -121, -16
-350, -121, -15
-350, -120, -15
-349, -120, -15
-348, -120, -15
-348, -120, -14
-348, -119, -14
-347, -119, -14
-346, -119, -14
-346, -119, -13
-346, -118, -13
-345, -118, -13
-344, -118, -13
-344, -118, -12
-344, -117, -12
-343, -117, -12
-342, -117, -12
-342, -117, -11
-342, -116, -11
-341, -116, -11
-340, -116, -11
-340, -116, -10
-340, -115, -10
-339, -115, -10
-338, -115, -10
-338, -115, -9
-338, -114, -9
-337, -114, -9
-336, -114, -9
-336, -114, -8
-335, -113, -8
-334, -113, -8
-334, -113, -7
-333, -112, -7
-332, -112, -7
-332, -112, -6
-332, -111, -6
-331, -111, -6
-330, -111, -6
-330, -111, -5
-330, -110, -5
-329, -110, -5
-328, -110, -5
-328, -110, -4
-328, -109, -4
-327, -109, -4
-326, -109, -4
-326, -109, -3
-326, -108, -3
-325, -108, -3
-324, -108, -3
-324, -108, -2
-324, -107, -2
-323, -107, -2
-322, -107, -2
-322, -107, -1
-322, -106, -1
-321, -106, -1
-320, -106, -1
-320, -106, 0
-320, -105, 0
-319, -105, 0
-318, -105, 0
-318, -104, 0
-317, -104, 0
-316, -104, 0
-316, -103, 0
-315, -103, 0
-314, -103, 0
-314, -102, 0
-313, -102, 0
-312, -102, 0
-312, -101, 0
-311, -101, 0
-310, -101, 0
-310, -100, 0
-309, -100, 0
-308, -100, 0
-308, -99, 0
-307, -99, 0
-306, -99, 0
-306, -98, 0
-305, -98, 0
-304, -98, 0
-304, -97, 0
-303, -97, 0
-302, -97, 0
-302, -96, 0
-301, -96, 0
-300, -96, 0
-300, -95, 0
-299, -95, 0
-298, -95, 0
-298, -94, 0
-297, -94, 0
-296, -94, 0
-296, -93, 0
-295, -93, 0
-294, -93, 0
-294, -92, 0
-293, -92, 0
-292, -92, 0
-292, -91, 0
-291, -91, 0
-290, -91, 0
-290, -90, 0
-289, -90, 0
-288, -90, 0
-288, -89, 0
-287, -89, 0
-286, -89, 0
-286, -88, 0
-285, -88, 0
-284, -88, 0
-284, -87, 0
-283, -87, 0
-282, -87, 0
-282, -86, 0
-281, -86, 0
-280, -86, 0
-280, -85, 0
-279, -85, 0
-278, -85, 0
-278, -84, 0
-277, -84, 0
-276, -84, 0
-276, -83, 0
-275, -83, 0
-274, -83, 0
-274, -82, 0
-273, -82, 0
-272, -82, 0
-272, -81, 0
-271, -81, 0
-270, -81, 0
-270, -80, 0
-269, -80, 0
-268, -80, 0
-268, -79, 0
-267, -79, 0
-266, -79, 0
-266, -78, 0
-265, -78, 0
-264, -78, 0
-264, -77, 0
-263, -77, 0
-262, -77, 0
-262, -76, 0
-261, -76, 0
-260, -76, 0
-260, -75, 0
-259, -75, 0
-258, -75, 0
-258, -74, 0
-257, -74, 0
-256, -74, 0
-256, -73, 0
-255, -73, 0
-254, -73, 0
-254, -72, 0
-253, -72, 0
-252, -72, 0
-252, -71, 0
-251, -71, 0
-250, -71, 0
-250, -70, 0
-249, -70, 0
-248, -70, 0
-248, -69, 0
-247, -69, 0
-246, -69, 0
-246, -68, 0
-245, -68, 0
-244, -68, 0
-244, -67, 0
-243, -67, 0
-242, -67, 0
-242, -66, 0
-241, -66, 0
-240, -65, 0
-239, -65, 0
-238, -64, 0
-237, -64, 0
-236, -63, 0
-235, -63, 0
-234, -62, 0
-233, -62, 0
-232, -61, 0
-231, -61, 0
-230, -60, 0
-229, -60, 0
-228, -59, 0
-227, -59, 0
-226, -58, 0
-225, -58, 0
-224, -57, 0
-223, -57, 0
-222, -57, 0
-222, -56, 0
-221, -56, 0
-220, -56, 0
-220, -55, 0
-219, -55, 0
-218, -55, 0
-218, -54, 0
-217, -54, 0
-216, -54, 0
-216, -53, 0
-215, -53, 0
-214, -53, 0
-214, -52, 0
-213, -52, 0
-212, -52, 0
-212, -51, 0
-211, -51, 0
-210, -51, 0
-210, -50, 0
-209, -50, 0
-208, -50, 0
-208, -49, 0
-207, -49, 0
-206, -49, 0
-206, -48, 0
-205, -48, 0
-204, -48, 0
-204, -47, 0
-203, -47, 0
-202, -46, 0
-201, -46, 0
-200, -45, 0
-199, -45, 0
-198, -44, 0
-197, -44, 0
-196, -43, 0
-195, -43, 0
-194, -42, 0
-193, -42, 0
-192, -41, 0
-191, -41, 0
-190, -40, 0
-189, -40, 0
-188, -39, 0
-187, -39, 0
-186, -38, 0
-185, -38, 0
-184, -37, 0
-183, -37, 0
-182, -36, 0
-181, -36, 0
-180, -35, 0
-179, -35, 0
-178, -34, 0
-177, -34, 0
-176, -33, 0
-175, -33, 0
-174, -32, 0
-173, -32, 0
-172, -31, 0
-171, -31, 0
-170, -30, 0
-169, -30, 0
-168, -29, 0
-167, -29, 0
-166, -28, 0
-165, -28, 0
-165, -27, 0
-164, -27, 0
-163, -27, 0
-163, -26, 0
-162, -26, 0
-161, -26, 0
-161, -25, 0
-160, -25, 0
-160, -24, 0
-160, -23, 0
-160, -22, 0
-160, -21, 0
-160, -20, 0
-160, -20, 0
Currently Idle

14643 Number of items picked: 0 Status state: PC_MOVING_ABOVE_PICK
-160, -20, 0
Suction on: true
Suction: 0 = GOOD SUCTION

-160, -20, -1
-160, -20, -2
-160, -20, -3
-160, -20, -4
-160, -20, -5
-160, -20, -6
-160, -20, -7
-160, -20, -8
-160, -20, -9
-160, -20, -10
-160, -20, -11
-160, -20, -12
-160, -20, -13
-160, -20, -14
-160, -20, -15
-160, -20, -16
-160, -20, -17
-160, -20, -18
-160, -20, -19
-160, -20, -20
-160, -20, -21
-160, -20, -22
-160, -20, -23
-160, -20, -24
-160, -20, -25
-160, -20, -26
-160, -20, -27
-160, -20, -28
-160, -20, -29
-160, -20, -30
-160, -20, -31
-160, -20, -32
-160, -20, -33
-160, -20, -34
-160, -20, -35
-160, -20, -36
-160, -20, -37
-160, -20, -38
-160, -20, -39
-160, -20, -40
-160, -20, -41
-160, -20, -42
-160, -20, -43
-160, -20, -44
-160, -20, -45
-160, -20, -46
-160, -20, -47
-160, -20, -48
-160, -20, -49
-160, -20, -50
-160, -20, -51
-160, -20, -52
-160, -20, -53
-160, -20, -54
-160, -20, -55
-160, -20, -56
-160, -20, -57
-160, -20, -58
-160, -20, -59
-160, -20, -60
-160, -20, -61
-160, -20, -62
-160, -20, -63
-160, -20, -64
-160, -20, -65
-160, -20, -66
-160, -20, -67
-160, -20, -68
-160, -20, -69
-160, -20, -70
-160, -20, -71
-160, -20, -72
-160, -20, -73
-160, -20, -74
-160, -20, -75
-160, -20, -76
-160, -20, -77
-160, -20, -78
-160, -20, -79
-160, -20, -80
-160, -20, -81
-160, -20, -82
-160, -20, -83
-160, -20, -84
-160, -20, -85
-160, -20, -86
-160, -20, -87
-160, -20, -88
-160, -20, -89
-160, -20, -90
-160, -20, -91
-160, -20, -92
-160, -20, -93
-160, -20, -94
-160, -20, -95
-160, -20, -96
-160, -20, -97
-160, -20, -98
-160, -20, -99
-160, -20, -99
Currently Idle

15342 Number of items picked: 0 Status state: PC_AT_PICK_POSITION_XY_ABOVE_Z

15343 Number of items picked: 0 Status state: PC_PROBING
-160, -20, -99

15344 Number of items picked: 0 Status state: PC_WAIT_FOR_MOTION
-160, -20, -99
Currently Idle

15345 Number of items picked: 0 Status state: PC_HAS_ITEM

15346 Number of items picked: 0 Status state: PC_WAIT_FOR_MOTION
-160, -20, -99

-160, -20, -98
-160, -20, -97
-160, -20, -96
-160, -20, -95
-160, -20, -94
-160, -20, -93
-160, -20, -92
-160, -20, -91
-160, -20, -90
-160, -20, -89
-160, -20, -88
-160, -20, -87
-160, -20, -86
-160, -20, -85
-160, -20, -84
-160, -20, -83
-160, -20, -82
-160, -20, -81
-160, -20, -80
-160, -20, -79
-160, -20, -78
-160, -20, -77
-160, -20, -76
-160, -20, -75
-160, -20, -74
-160, -20, -73
-160, -20, -72
-160, -20, -71
-160, -20, -70
-160, -20, -69
-160, -20, -68
-160, -20, -67
-160, -20, -66
-160, -20, -65
-160, -20, -64
-160, -20, -63
-160, -20, -62
-160, -20, -61
-160, -20, -60
-160, -20, -59
-160, -20, -58
-160, -20, -57
-160, -20, -56
-160, -20, -55
-160, -20, -54
-160, -20, -53
-160, -20, -52
-160, -20, -51
-160, -20, -50
-160, -20, -49
-160, -20, -48
-160, -20, -47
-160, -20, -46
-160, -20, -45
-160, -20, -44
-160, -20, -43
-160, -20, -42
-160, -20, -41
-160, -20, -40
-160, -20, -39
-160, -20, -38
-160, -20, -37
-160, -20, -36
-160, -20, -35
-160, -20, -34
-160, -20, -33
-160, -20, -32
-160, -20, -31
-160, -20, -30
-160, -20, -29
-160, -20, -28
-160, -20, -27
-160, -20, -26
-160, -20, -25
-160, -20, -24
-160, -20, -23
-160, -20, -22
-160, -20, -21
-160, -20, -20
-160, -20, -19
-160, -20, -18
-160, -20, -17
-160, -20, -16
-160, -20, -15
-160, -20, -14
-160, -20, -13
-160, -20, -12
-160, -20, -11
-160, -20, -10
-160, -20, -9
-160, -20, -8
-160, -20, -7
-160, -20, -6
-160, -20, -5
-160, -20, -4
-160, -20, -3
-160, -20, -2
-160, -20, -1
-160, -20, 0
-160, -20, 0
Currently Idle

16046 Number of items picked: 0 Status state: PC_AT_PICK_POSITION_Z_CLEARANCE

16047 Number of items picked: 0 Status state: PC_MOVING_TO_DROPOFF_XY
-160, -20, 0

-161, -20, 0
-162, -20, 0
-163, -20, 0
-164, -20, 0
-165, -20, 0
-166, -20, 0
-167, -20, 0
-168, -20, 0
-169, -20, 0
-170, -20, 0
-171, -20, 0
-172, -20, 0
-173, -20, 0
-174, -20, 0
-175, -20, 0
-176, -20, 0
-177, -20, 0
-178, -20, 0
-179, -20, 0
-180, -20, 0
-181, -20, 0
-182, -20, 0
-183, -20, 0
-184, -20, 0
-185, -20, 0
-186, -20, 0
-187, -20, 0
-188, -20, 0
-189, -20, 0
-190, -20, 0
-191, -20, 0
-192, -20, 0
-193, -20, 0
-194, -20, 0
-195, -20, 0
-196, -20, 0
-197, -20, 0
-198, -20, 0
-199, -20, 0
-200, -20, 0
-201, -20, 0
-202, -20, 0
-203, -20, 0
-204, -20, 0
-205, -20, 0
-206, -20, 0
-207, -20, 0
-208, -20, 0
-209, -20, 0
-210, -20, 0
-211, -20, 0
-212, -20, 0
-213, -20, 0
-214, -20, 0
-215, -20, 0
-216, -20, 0
-217, -20, 0
-218, -20, 0
-219, -20, 0
-220, -20, 0
-221, -20, 0
-222, -20, 0
-223, -20, 0
-224, -20, 0
-225, -20, 0
-226, -20, 0
-227, -20, 0
-228, -20, 0
-229, -20, 0
-230, -20, 0
-231, -20, 0
-232, -20, 0
-233, -20, 0
-234, -20, 0
-235, -20, 0
-236, -20, 0
-237, -20, 0
-238, -20, 0
-239, -20, 0
-240, -20, 0
-241, -20, 0
-242, -20, 0
-243, -20, 0
-244, -20, 0
-245, -20, 0
-246, -20, 0
-247, -20, 0
-248, -20, 0
-249, -20, 0
-250, -20, 0
-251, -20, 0
-252, -20, 0
-253, -20, 0
-254, -20, 0
-255, -20, 0
-256, -20, 0
-257, -20, 0
-258, -20, 0
-259, -20, 0
-260, -20, 0
-261, -20, 0
-262, -20, 0
-263, -20, 0
-264, -20, 0
-265, -20, 0
-266, -20, 0
-267, -20, 0
-268, -20, 0
-269, -20, 0
-270, -20, 0
-271, -20, 0
-272, -20, 0
-273, -20, 0
-274, -20, 0
-275, -20, 0
-276, -20, 0
-277, -20, 0
-278, -20, 0
-279, -20, 0
-280, -20, 0
-281, -20, 0
-282, -20, 0
-283, -20, 0
-284, -20, 0
-285, -20, 0
-286, -20, 0
-287, -20, 0
-288, -20, 0
-289, -20, 0
-290, -20, 0
-291, -20, 0
-292, -20, 0
-293, -20, 0
-294, -20, 0
-295, -20, 0
-296, -20, 0
-297, -20, 0
-298, -20, 0
-299, -20, 0
-300, -20, 0
-301, -20, 0
-302, -20, 0
-303, -20, 0
-304, -20, 0
-305, -20, 0
-306, -20, 0
-307, -20, 0
-308, -20, 0
-309, -20, 0
-310, -20, 0
-311, -20, 0
-312, -20, 0
-313, -20, 0
-314, -20, 0
-315, -20, 0
-316, -20, 0
-317, -20, 0
-318, -20, 0
-319, -20, 0
-320, -20, 0
-321, -20, 0
-322, -20, 0
-323, -20, 0
-324, -20, 0
-325, -20, 0
-326, -20, 0
-327, -20, 0
-328, -20, 0
-329, -20, 0
-330, -20, 0
-331, -20, 0
-332, -20, 0
-333, -20, 0
-334, -20, 0
-335, -20, 0
-336, -20, 0
-337, -20, 0
-338, -20, 0
-339, -20, 0
-340, -20, 0
-341, -20, 0
-342, -20, 0
-343, -20, 0
-344, -20, 0
-345, -20, 0
-346, -20, 0
-347, -20, 0
-348, -20, 0
-349, -20, 0
-350, -20, 0
-351, -20, 0
-352, -20, 0
-353, -20, 0
-354, -20, 0
-355, -20, 0
-356, -20, 0
-357, -20, 0
-358, -20, 0
-359, -20, 0
-360, -20, 0
-361, -20, 0
-362, -20, 0
-363, -20, 0
-364, -20, 0
-365, -20, 0
-366, -20, 0
-367, -20, 0
-368, -20, 0
-369, -20, 0
-370, -20, 0
-371, -20, 0
-372, -20, 0
-373, -20, 0
-374, -20, 0
-375, -20, 0
-376, -20, 0
-377, -20, 0
-378, -20, 0
-379, -20, 0
-380, -20, 0
-381, -20, 0
-382, -20, 0
-383, -20, 0
-384, -20, 0
-385, -20, 0
-386, -20, 0
-387, -20, 0
-388, -20, 0
-389, -20, 0
-390, -20, 0
-391, -20, 0
-392, -20, 0
-393, -20, 0
-394, -20, 0
-395, -20, 0
-396, -20, 0
-397, -20, 0
-398, -20, 0
-399, -20, 0
-400, -20, 0
-401, -20, 0
-402, -20, 0
-403, -20, 0
-404, -20, 0
-405, -20, 0
-406, -20, 0
-407, -20, 0
-408, -20, 0
-409, -20, 0
-410, -20, 0
-411, -20, 0
-412, -20, 0
-413, -20, 0
-414, -20, 0
-415, -20, 0
-416, -20, 0
-417, -20, 0
-418, -20, 0
-419, -20, 0
-420, -20, 0
-421, -20, 0
-422, -20, 0
-423, -20, 0
-424, -20, 0
-425, -20, 0
-426, -20, 0
-427, -20, 0
-428, -20, 0
-429, -20, 0
-430, -20, 0
-431, -20, 0
-432, -20, 0
-433, -20, 0
-434, -20, 0
-435, -20, 0
-436, -20, 0
-437, -20, 0
-438, -20, 0
-439, -20, 0
-440, -20, 0
-441, -20, 0
-442, -20, 0
-443, -20, 0
-444, -20, 0
-445, -20, 0
-446, -20, 0
-447, -20, 0
-448, -20, 0
-449, -20, 0
-450, -20, 0
-451, -20, 0
-452, -20, 0
-453, -20, 0
-454, -20, 0
-455, -20, 0
-456, -20, 0
-457, -20, 0
-458, -20, 0
-459, -20, 0
-460, -20, 0
-461, -20, 0
-462, -20, 0
-463, -20, 0
-464, -20, 0
-465, -20, 0
-466, -20, 0
-467, -20, 0
-468, -20, 0
-469, -20, 0
-470, -20, 0
-471, -20, 0
-472, -20, 0
-473, -20, 0
-474, -20, 0
-475, -20, 0
-476, -20, 0
-477, -20, 0
-478, -20, 0
-479, -20, 0
-480, -20, 0
-481, -20, 0
-482, -20, 0
-483, -20, 0
-484, -20, 0
-485, -20, 0
-486, -20, 0
-487, -20, 0
-488, -20, 0
-489, -20, 0
-490, -20, 0
-491, -20, 0
-492, -20, 0
-493, -20, 0
-494, -20, 0
-495, -20, 0
-496, -20, 0
-497, -20, 0
-498, -20, 0
-499, -20, 0
-500, -20, 0
-501, -20, 0
-502, -20, 0
-503, -20, 0
-504, -20, 0
-505, -20, 0
-506, -20, 0
-507, -20, 0
-508, -20, 0
-509, -20, 0
-510, -20, 0
-511, -20, 0
-512, -20, 0
-513, -20, 0
-514, -20, 0
-515, -20, 0
-516, -20, 0
-517, -20, 0
-518, -20, 0
-519, -20, 0
-520, -20, 0
-521, -20, 0
-522, -20, 0
-523, -20, 0
-524, -20, 0
-525, -20, 0
-526, -20, 0
-527, -20, 0
-528, -20, 0
-529, -20, 0
-530, -20, 0
-531, -20, 0
-532, -20, 0
-533, -20, 0
-534, -20, 0
-535, -20, 0
-536, -20, 0
-537, -20, 0
-538, -20, 0
-539, -20, 0
-540, -20, 0
-541, -20, 0
-542, -20, 0
-543, -20, 0
-544, -20, 0
-545, -20, 0
-546, -20, 0
-547, -20, 0
-548, -20, 0
-549, -20, 0
-550, -20, 0
-551, -20, 0
-552, -20, 0
-553, -20, 0
-554, -20, 0
-555, -20, 0
-556, -20, 0
-557, -20, 0
-558, -20, 0
-559, -20, 0
-560, -20, 0
-561, -20, 0
-562, -20, 0
-563, -20, 0
-564, -20, 0
-565, -20, 0
-566, -20, 0
-567, -20, 0
-568, -20, 0
-569, -20, 0
-570, -20, 0
-571, -20, 0
-572, -20, 0
-573, -20, 0
-574, -20, 0
-575, -20, 0
-576, -20, 0
-577, -20, 0
-578, -20, 0
-579, -20, 0
-580, -20, 0
-581, -20, 0
-582, -20, 0
-583, -20, 0
-584, -20, 0
-585, -20, 0
-586, -20, 0
-587, -20, 0
-588, -20, 0
-589, -20, 0
-590, -20, 0
-591, -20, 0
-592, -20, 0
-593, -20, 0
-594, -20, 0
-595, -20, 0
-596, -20, 0
-597, -20, 0
-598, -20, 0
-599, -20, 0
-600, -20, 0
-601, -20, 0
-602, -20, 0
-603, -20, 0
-604, -20, 0
-605, -20, 0
-606, -20, 0
-607, -20, 0
-608, -20, 0
-609, -20, 0
-610, -20, 0
-611, -20, 0
-612, -20, 0
-613, -20, 0
-614, -20, 0
-615, -20, 0
-616, -20, 0
-617, -20, 0
-618, -20, 0
-619, -20, 0
-620, -20, 0
-621, -20, 0
-622, -20, 0
-623, -20, 0
-624, -20, 0
-625, -20, 0
-626, -20, 0
-627, -20, 0
-628, -20, 0
-629, -20, 0
-630, -20, 0
-631, -20, 0
-632, -20, 0
-633, -20, 0
-634, -20, 0
-635, -20, 0
-636, -20, 0
-637, -20, 0
-638, -20, 0
-639, -20, 0
-640, -20, 0
-641, -20, 0
-642, -20, 0
-643, -20, 0
-644, -20, 0
-645, -20, 0
-646, -20, 0
-647, -20, 0
-648, -20, 0
-649, -20, 0
-650, -20, 0
-651, -20, 0
-652, -20, 0
-653, -20, 0
-654, -20, 0
-655, -20, 0
-656, -20, 0
-657, -20, 0
-658, -20, 0
-659, -20, 0
-660, -20, 0
-661, -20, 0
-662, -20, 0
-663, -20, 0
-664, -20, 0
-665, -20, 0
-666, -20, 0
-667, -20, 0
-668, -20, 0
-669, -20, 0
-670, -20, 0
-671, -20, 0
-672, -20, 0
-673, -20, 0
-674, -20, 0
-675, -20, 0
-676, -20, 0
-677, -20, 0
-678, -20, 0
-679, -20, 0
-680, -20, 0
-681, -20, 0
-682, -20, 0
-683, -20, 0
-684, -20, 0
-685, -20, 0
-686, -20, 0
-687, -20, 0
-688, -20, 0
-689, -20, 0
-690, -20, 0
-691, -20, 0
-692, -20, 0
-693, -20, 0
-694, -20, 0
-695, -20, 0
-696, -20, 0
-697, -20, 0
-698, -20, 0
-699, -20, 0
-700, -20, 0
-701, -20, 0
-702, -20, 0
-703, -20, 0
-704, -20, 0
-705, -20, 0
-706, -20, 0
-707, -20, 0
-708, -20, 0
-709, -20, 0
-710, -20, 0
-711, -20, 0
-712, -20, 0
-713, -20, 0
-714, -20, 0
-715, -20, 0
-716, -20, 0
-717, -20, 0
-718, -20, 0
-719, -20, 0
-720, -20, 0
-721, -20, 0
-722, -20, 0
-723, -20, 0
-724, -20, 0
-725, -20, 0
-726, -20, 0
-727, -20, 0
-728, -20, 0
-729, -20, 0
-730, -20, 0
-731, -20, 0
-732, -20, 0
-733, -20, 0
-734, -20, 0
-735, -20, 0
-736, -20, 0
-737, -20, 0
-738, -20, 0
-739, -20, 0
-740, -20, 0
-741, -20, 0
-742, -20, 0
-743, -20, 0
-744, -20, 0
-745, -20, 0
-746, -20, 0
-747, -20, 0
-748, -20, 0
-749, -20, 0
-750, -20, 0
-751, -20, 0
-752, -20, 0
-753, -20, 0
-754, -20, 0
-755, -20, 0
-756, -20, 0
-757, -20, 0
-758, -20, 0
-759, -20, 0
-760, -20, 0
-761, -20, 0
-762, -20, 0
-763, -20, 0
-764, -20, 0
-765, -20, 0
-766, -20, 0
-767, -20, 0
-768, -20, 0
-769, -20, 0
-770, -20, 0
-771, -20, 0
-772, -20, 0
-773, -20, 0
-774, -20, 0
-775, -20, 0
-776, -20, 0
-777, -20, 0
-778, -20, 0
-779, -20, 0
-780, -20, 0
-781, -20, 0
-782, -20, 0
-783, -20, 0
-784, -20, 0
-785, -20, 0
-786, -20, 0
-787, -20, 0
-788, -20, 0
-789, -20, 0
-790, -20, 0
-791, -20, 0
-792, -20, 0
-793, -20, 0
-794, -20, 0
-795, -20, 0
-796, -20, 0
-797, -20, 0
-798, -20, 0
-799, -20, 0
-800, -20, 0
-801, -20, 0
-802, -20, 0
-803, -20, 0
-804, -20, 0
-805, -20, 0
-806, -20, 0
-807, -20, 0
-808, -20, 0
-809, -20, 0
-810, -20, 0
-811, -20, 0
-812, -20, 0
-813, -20, 0
-814, -20, 0
-815, -20, 0
-816, -20, 0
-817, -20, 0
-818, -20, 0
-819, -20, 0
-820, -20, 0
-821, -20, 0
-822, -20, 0
-823, -20, 0
-824, -20, 0
-825, -20, 0
-826, -20, 0
-827, -20, 0
-828, -20, 0
-829, -20, 0
-830, -20, 0
-831, -20, 0
-832, -20, 0
-833, -20, 0
-834, -20, 0
-835, -20, 0
-836, -20, 0
-837, -20, 0
-838, -20, 0
-839, -20, 0
-840, -20, 0
-841, -20, 0
-842, -20, 0
-843, -20, 0
-844, -20, 0
-845, -20, 0
-846, -20, 0
-847, -20, 0
-848, -20, 0
-849, -20, 0
-850, -20, 0
-851, -20, 0
-852, -20, 0
-853, -20, 0
-854, -20, 0
-855, -20, 0
-856, -20, 0
-857, -20, 0
-858, -20, 0
-859, -20, 0
-860, -20, 0
-861, -20, 0
-862, -20, 0
-863, -20, 0
-864, -20, 0
-865, -20, 0
-866, -20, 0
-867, -20, 0
-868, -20, 0
-869, -20, 0
-870, -20, 0
-871, -20, 0
-872, -20, 0
-873, -20, 0
-874, -20, 0
-875, -20, 0
-876, -20, 0
-877, -20, 0
-878, -20, 0
-879, -20, 0
-880, -20, 0
-881, -20, 0
-882, -20, 0
-883, -20, 0
-884, -20, 0
-885, -20, 0
-886, -20, 0
-887, -20, 0
-888, -20, 0
-889, -20, 0
-890, -20, 0
-891, -20, 0
-892, -20, 0
-893, -20, 0
-894, -20, 0
-895, -20, 0
-896, -20, 0
-897, -20, 0
-898, -20, 0
-899, -20, 0
-900, -20, 0
-901, -20, 0
-902, -20, 0
-903, -20, 0
-904, -20, 0
-905, -20, 0
-906, -20, 0
-907, -20, 0
-908, -20, 0
-909, -20, 0
-910, -20, 0
-911, -20, 0
-912, -20, 0
-913, -20, 0
-914, -20, 0
-915, -20, 0
-916, -20, 0
-917, -20, 0
-918, -20, 0
-919, -20, 0
-920, -20, 0
-921, -20, 0
-922, -20, 0
-923, -20, 0
-924, -20, 0
-925, -20, 0
-926, -20, 0
-927, -20, 0
-928, -20, 0
-929, -20, 0
-930, -20, 0
-931, -20, 0
-932, -20, 0
-933, -20, 0
-934, -20, 0
-935, -20, 0
-936, -20, 0
-937, -20, 0
-938, -20, 0
-939, -20, 0
-940, -20, 0
-941, -20, 0
-942, -20, 0
-943, -20, 0
-944, -20, 0
-945, -20, 0
-946, -20, 0
-947, -20, 0
-948, -20, 0
-949, -20, 0
-950, -20, 0
-951, -20, 0
-952, -20, 0
-953, -20, 0
-954, -20, 0
-955, -20, 0
-956, -20, 0
-957, -20, 0
-958, -20, 0
-959, -20, 0
-960, -20, 0
-961, -20, 0
-962, -20, 0
-963, -20, 0
-964, -20, 0
-965, -20, 0
-966, -20, 0
-967, -20, 0
-968, -20, 0
-969, -20, 0
-969, -20, 0
Currently Idle

18912 Number of items picked: 1 Status state: PC_MOVING_TO_DROPOFF_XYZ
-969, -20, -1

-969, -20, -2
-969, -20, -3
-969, -20, -4
-969, -20, -5
-969, -20, -6
-969, -20, -7
-969, -20, -8
-969, -20, -9
-969, -20, -10
-969, -20, -11
-969, -20, -12
-969, -20, -13
-969, -20, -14
-969, -20, -15
-969, -20, -16
-969, -20, -17
-969, -20, -18
-969, -20, -19
-969, -20, -20
-969, -20, -21
-969, -20, -22
-969, -20, -23
-969, -20, -24
-969, -20, -25
-969, -20, -26
-969, -20, -27
-969, -20, -28
-969, -20, -29
-969, -20, -30
-969, -20, -31
-969, -20, -32
-969, -20, -33
-969, -20, -34
-969, -20, -35
-969, -20, -36
-969, -20, -37
-969, -20, -38
-969, -20, -39
-969, -20, -40
-969, -20, -41
-969, -20, -42
-969, -20, -43
-969, -20, -44
-969, -20, -45
-969, -20, -46
-969, -20, -47
-969, -20, -48
-969, -20, -49
-969, -20, -50
-969, -20, -51
-969, -20, -52
-969, -20, -53
-969, -20, -54
-969, -20, -55
-969, -20, -56
-969, -20, -57
-969, -20, -58
-969, -20, -59
-969, -20, -60
-969, -20, -61
-969, -20, -62
-969, -20, -63
-969, -20, -64
-969, -20, -65
-969, -20, -66
-969, -20, -67
-969, -20, -68
-969, -20, -69
-969, -20, -70
-969, -20, -71
-969, -20, -72
-969, -20, -73
-969, -20, -74
-969, -20, -75
-969, -20, -76
-969, -20, -77
-969, -20, -78
-969, -20, -79
-969, -20, -80
-969, -20, -81
-969, -20, -82
-969, -20, -83
-969, -20, -84
-969, -20, -85
-969, -20, -86
-969, -20, -87
-969, -20, -88
-969, -20, -89
-969, -20, -90
-969, -20, -91
-969, -20, -92
-969, -20, -93
-969, -20, -94
-969, -20, -95
-969, -20, -96
-969, -20, -97
-969, -20, -98
-969, -20, -99
-969, -20, -100
-969, -20, -101
-969, -20, -102
-969, -20, -103
-969, -20, -104
-969, -20, -105
-969, -20, -106
-969, -20, -107
-969, -20, -108
-969, -20, -109
-969, -20, -110
-969, -20, -111
-969, -20, -112
-969, -20, -113
-969, -20, -114
-969, -20, -115
-969, -20, -116
-969, -20, -117
-969, -20, -118
-969, -20, -119
-969, -20, -120
-969, -20, -121
-969, -20, -122
-969, -20, -123
-969, -20, -124
-969, -20, -125
-969, -20, -126
-969, -20, -127
-969, -20, -128
-969, -20, -129
-969, -20, -130
-969, -20, -131
-969, -20, -132
-969, -20, -133
-969, -20, -134
-969, -20, -135
-969, -20, -136
-969, -20, -137
-969, -20, -138
-969, -20, -139
-969, -20, -140
-969, -20, -141
-969, -20, -142
-969, -20, -143
-969, -20, -144
-969, -20, -145
-969, -20, -146
-969, -20, -147
-969, -20, -148
-969, -20, -149
-969, -20, -150
-969, -20, -151
-969, -20, -152
-969, -20, -153
-969, -20, -154
-969, -20, -155
-969, -20, -156
-969, -20, -157
-969, -20, -158
-969, -20, -159
-969, -20, -160
-969, -20, -161
-969, -20, -162
-969, -20, -163
-969, -20, -164
-969, -20, -165
-969, -20, -166
-969, -20, -167
-969, -20, -168
-969, -20, -169
-969, -20, -170
-969, -20, -171
-969, -20, -172
-969, -20, -173
-969, -20, -174
-969, -20, -175
-969, -20, -176
-969, -20, -177
-969, -20, -178
-969, -20, -179
-969, -20, -180
-969, -20, -181
-969, -20, -182
-969, -20, -183
-969, -20, -184
-969, -20, -185
-969, -20, -186
-969, -20, -187
-969, -20, -188
-969, -20, -189
-969, -20, -190
-969, -20, -191
-969, -20, -192
-969, -20, -193
-969, -20, -194
-969, -20, -195
-969, -20, -196
-969, -20, -197
-969, -20, -198
-969, -20, -199
-969, -20, -200
-969, -20, -201
-969, -20, -202
-969, -20, -203
-969, -20, -204
-969, -20, -205
-969, -20, -206
-969, -20, -207
-969, -20, -208
-969, -20, -209
-969, -20, -210
-969, -20, -211
-969, -20, -212
-969, -20, -213
-969, -20, -214
-969, -20, -215
-969, -20, -216
-969, -20, -217
-969, -20, -218
-969, -20, -219
-969, -20, -220
-969, -20, -221
-969, -20, -222
-969, -20, -223
-969, -20, -224
-969, -20, -225
-969, -20, -226
-969, -20, -227
-969, -20, -228
-969, -20, -229
-969, -20, -230
-969, -20, -231
-969, -20, -232
-969, -20, -233
-969, -20, -234
-969, -20, -235
-969, -20, -236
-969, -20, -237
-969, -20, -238
-969, -20, -239
-969, -20, -240
-969, -20, -241
-969, -20, -242
-969, -20, -243
-969, -20, -244
-969, -20, -245
-969, -20, -246
-969, -20, -247
-969, -20, -248
-969, -20, -249
-969, -20, -250
-969, -20, -251
-969, -20, -252
-969, -20, -253
-969, -20, -254
-969, -20, -255
-969, -20, -256
-969, -20, -257
-969, -20, -258
-969, -20, -259
-969, -20, -260
-969, -20, -261
-969, -20, -262
-969, -20, -263
-969, -20, -264
-969, -20, -265
-969, -20, -266
-969, -20, -267
-969, -20, -268
-969, -20, -269
-969, -20, -270
-969, -20, -271
-969, -20, -272
-969, -20, -273
-969, -20, -274
-969, -20, -275
-969, -20, -276
-969, -20, -277
-969, -20, -278
-969, -20, -279
-969, -20, -280
-969, -20, -281
-969, -20, -282
-969, -20, -283
-969, -20, -284
-969, -20, -285
-969, -20, -286
-969, -20, -287
-969, -20, -288
-969, -20, -289
-969, -20, -290
-969, -20, -291
-969, -20, -292
-969, -20, -293
-969, -20, -294
-969, -20, -295
-969, -20, -296
-969, -20, -297
-969, -20, -298
-969, -20, -299
-969, -20, -300
-969, -20, -301
-969, -20, -302
-969, -20, -303
-969, -20, -304
-969, -20, -305
-969, -20, -306
-969, -20, -307
-969, -20, -308
-969, -20, -309
-969, -20, -310
-969, -20, -311
-969, -20, -312
-969, -20, -313
-969, -20, -314
-969, -20, -315
-969, -20, -316
-969, -20, -317
-969, -20, -318
-969, -20, -319
-969, -20, -320
-969, -20, -321
-969, -20, -322
-969, -20, -323
-969, -20, -324
-969, -20, -325
-969, -20, -326
-969, -20, -327
-969, -20, -328
-969, -20, -329
-969, -20, -330
-969, -20, -331
-969, -20, -332
-969, -20, -333
-969, -20, -334
-969, -20, -334
Currently Idle

21254 Number of items picked: 1 Status state: PC_AT_DROPOFF_XYZ

31720 Number of items picked: 1 Status state: PC_ITEM_PLACED
Suction on: false
Suction: 1 = BAD SUCTION

31721 Number of items picked: 1 Status state: PC_WAIT_FOR_MOTION
-969, -20, -334

-969, -20, -333
-969, -20, -332
-969, -20, -331
-969, -20, -330
-969, -20, -329
-969, -20, -328
-969, -20, -327
-969, -20, -326
-969, -20, -325
-969, -20, -324
-969, -20, -323
-969, -20, -322
-969, -20, -321
-969, -20, -320
-969, -20, -319
-969, -20, -318
-969, -20, -317
-969, -20, -316
-969, -20, -315
-969, -20, -314
-969, -20, -313
-969, -20, -312
-969, -20, -311
-969, -20, -310
-969, -20, -309
-969, -20, -308
-969, -20, -307
-969, -20, -306
-969, -20, -305
-969, -20, -304
-969, -20, -303
-969, -20, -302
-969, -20, -301
-969, -20, -300
-969, -20, -299
-969, -20, -298
-969, -20, -297
-969, -20, -296
-969, -20, -295
-969, -20, -294
-969, -20, -293
-969, -20, -292
-969, -20, -291
-969, -20, -290
-969, -20, -289
-969, -20, -288
-969, -20, -287
-969, -20, -286
-969, -20, -285
-969, -20, -284
-969, -20, -283
-969, -20, -282
-969, -20, -281
-969, -20, -280
-969, -20, -279
-969, -20, -278
-969, -20, -277
-969, -20, -276
-969, -20, -275
-969, -20, -274
-969, -20, -273
-969, -20, -272
-969, -20, -271
-969, -20, -270
-969, -20, -269
-969, -20, -268
-969, -20, -267
-969, -20, -266
-969, -20, -265
-969, -20, -264
-969, -20, -263
-969, -20, -262
-969, -20, -261
-969, -20, -260
-969, -20, -259
-969, -20, -258
-969, -20, -257
-969, -20, -256
-969, -20, -255
-969, -20, -254
-969, -20, -253
-969, -20, -252
-969, -20, -251
-969, -20, -250
-969, -20, -249
-969, -20, -248
-969, -20, -247
-969, -20, -246
-969, -20, -245
-969, -20, -244
-969, -20, -243
-969, -20, -242
-969, -20, -241
-969, -20, -240
-969, -20, -239
-969, -20, -238
-969, -20, -237
-969, -20, -236
-969, -20, -235
-969, -20, -234
-969, -20, -233
-969, -20, -232
-969, -20, -231
-969, -20, -230
-969, -20, -229
-969, -20, -228
-969, -20, -227
-969, -20, -226
-969, -20, -225
-969, -20, -224
-969, -20, -223
-969, -20, -222
-969, -20, -221
-969, -20, -220
-969, -20, -219
-969, -20, -218
-969, -20, -217
-969, -20, -216
-969, -20, -215
-969, -20, -214
-969, -20, -213
-969, -20, -212
-969, -20, -211
-969, -20, -210
-969, -20, -209
-969, -20, -208
-969, -20, -207
-969, -20, -206
-969, -20, -205
-969, -20, -204
-969, -20, -203
-969, -20, -202
-969, -20, -201
-969, -20, -200
-969, -20, -199
-969, -20, -198
-969, -20, -197
-969, -20, -196
-969, -20, -195
-969, -20, -194
-969, -20, -193
-969, -20, -192
-969, -20, -191
-969, -20, -190
-969, -20, -189
-969, -20, -188
-969, -20, -187
-969, -20, -186
-969, -20, -185
-969, -20, -184
-969, -20, -183
-969, -20, -182
-969, -20, -181
-969, -20, -180
-969, -20, -179
-969, -20, -178
-969, -20, -177
-969, -20, -176
-969, -20, -175
-969, -20, -174
-969, -20, -173
-969, -20, -172
-969, -20, -171
-969, -20, -170
-969, -20, -169
-969, -20, -168
-969, -20, -167
-969, -20, -166
-969, -20, -165
-969, -20, -164
-969, -20, -163
-969, -20, -162
-969, -20, -161
-969, -20, -160
-969, -20, -159
-969, -20, -158
-969, -20, -157
-969, -20, -156
-969, -20, -155
-969, -20, -154
-969, -20, -153
-969, -20, -152
-969, -20, -151
-969, -20, -150
-969, -20, -149
-969, -20, -148
-969, -20, -147
-969, -20, -146
-969, -20, -145
-969, -20, -144
-969, -20, -143
-969, -20, -142
-969, -20, -141
-969, -20, -140
-969, -20, -139
-969, -20, -138
-969, -20, -137
-969, -20, -136
-969, -20, -135
-969, -20, -134
-969, -20, -133
-969, -20, -132
-969, -20, -131
-969, -20, -130
-969, -20, -129
-969, -20, -128
-969, -20, -127
-969, -20, -126
-969, -20, -125
-969, -20, -124
-969, -20, -123
-969, -20, -122
-969, -20, -121
-969, -20, -120
-969, -20, -119
-969, -20, -118
-969, -20, -117
-969, -20, -116
-969, -20, -115
-969, -20, -114
-969, -20, -113
-969, -20, -112
-969, -20, -111
-969, -20, -110
-969, -20, -109
-969, -20, -108
-969, -20, -107
-969, -20, -106
-969, -20, -105
-969, -20, -104
-969, -20, -103
-969, -20, -102
-969, -20, -101
-969, -20, -100
-969, -20, -99
-969, -20, -98
-969, -20, -97
-969, -20, -96
-969, -20, -95
-969, -20, -94
-969, -20, -93
-969, -20, -92
-969, -20, -91
-969, -20, -90
-969, -20, -89
-969, -20, -88
-969, -20, -87
-969, -20, -86
-969, -20, -85
-969, -20, -84
-969, -20, -83
-969, -20, -82
-969, -20, -81
-969, -20, -80
-969, -20, -79
-969, -20, -78
-969, -20, -77
-969, -20, -76
-969, -20, -75
-969, -20, -74
-969, -20, -73
-969, -20, -72
-969, -20, -71
-969, -20, -70
-969, -20, -69
-969, -20, -68
-969, -20, -67
-969, -20, -66
-969, -20, -65
-969, -20, -64
-969, -20, -63
-969, -20, -62
-969, -20, -61
-969, -20, -60
-969, -20, -59
-969, -20, -58
-969, -20, -57
-969, -20, -56
-969, -20, -55
-969, -20, -54
-969, -20, -53
-969, -20, -52
-969, -20, -51
-969, -20, -50
-969, -20, -49
-969, -20, -48
-969, -20, -47
-969, -20, -46
-969, -20, -45
-969, -20, -44
-969, -20, -43
-969, -20, -42
-969, -20, -41
-969, -20, -40
-969, -20, -39
-969, -20, -38
-969, -20, -37
-969, -20, -36
-969, -20, -35
-969, -20, -34
-969, -20, -33
-969, -20, -32
-969, -20, -31
-969, -20, -30
-969, -20, -29
-969, -20, -28
-969, -20, -27
-969, -20, -26
-969, -20, -25
-969, -20, -24
-969, -20, -23
-969, -20, -22
-969, -20, -21
-969, -20, -20
-969, -20, -19
-969, -20, -18
-969, -20, -17
-969, -20, -16
-969, -20, -15
-969, -20, -14
-969, -20, -13
-969, -20, -12
-969, -20, -11
-969, -20, -10
-969, -20, -9
-969, -20, -8
-969, -20, -7
-969, -20, -6
-969, -20, -5
-969, -20, -4
-969, -20, -3
-969, -20, -2
-969, -20, -1
-969, -20, 0
-969, -20, 0
Currently Idle

34071 Number of items picked: 1 Status state: PC_READY
-969, -20, 0

-968, -20, 0
-967, -21, -1
-966, -21, -1
-965, -22, -2
-964, -22, -2
-963, -23, -3
-962, -23, -3
-961, -24, -4
-960, -24, -4
-959, -25, -5
-958, -25, -5
-958, -26, -6
-957, -26, -6
-956, -26, -6
-956, -27, -7
-955, -27, -7
-954, -27, -7
-954, -28, -8
-953, -28, -8
-952, -28, -8
-952, -29, -9
-951, -29, -9
-950, -29, -9
-950, -30, -10
-949, -30, -10
-948, -30, -10
-948, -31, -11
-947, -31, -11
-946, -31, -11
-946, -32, -12
-945, -32, -12
-944, -32, -12
-944, -33, -12
-943, -33, -13
-942, -33, -13
-942, -34, -13
-941, -34, -14
-940, -34, -14
-940, -35, -14
-939, -35, -15
-938, -35, -15
-938, -36, -15
-937, -36, -16
-936, -36, -16
-936, -37, -16
-935, -37, -17
-934, -37, -17
-934, -38, -17
-933, -38, -18
-932, -38, -18
-932, -39, -18
-931, -39, -19
-930, -39, -19
-930, -40, -19
-929, -40, -20
-928, -40, -20
-928, -41, -20
-927, -41, -21
-926, -41, -21
-926, -42, -21
-925, -42, -22
-924, -42, -22
-924, -43, -22
-923, -43, -23
-922, -43, -23
-922, -44, -23
-922, -44, -24
-921, -44, -24
-920, -44, -24
-920, -45, -24
-920, -45, -25
-919, -45, -25
-918, -45, -25
-918, -46, -25
-918, -46, -26
-917, -46, -26
-916, -46, -26
-916, -47, -26
-916, -47, -27
-915, -47, -27
-914, -47, -27
-914, -48, -27
-914, -48, -28
-913, -48, -28
-912, -48, -28
-912, -49, -28
-912, -49, -29
-911, -49, -29
-910, -49, -29
-910, -50, -29
-910, -50, -30
-909, -50, -30
-908, -50, -30
-908, -51, -30
-908, -51, -31
-907, -51, -31
-906, -51, -31
-906, -52, -31
-906, -52, -32
-905, -52, -32
-904, -52, -32
-904, -53, -32
-904, -53, -33
-903, -53, -33
-902, -53, -33
-902, -54, -33
-902, -54, -34
-901, -54, -34
-900, -54, -34
-900, -55, -34
-900, -55, -35
-899, -55, -35
-898, -55, -35
-898, -56, -35
-898, -56, -36
-897, -56, -36
-896, -56, -36
-896, -57, -36
-896, -57, -37
-895, -57, -37
-894, -57, -37
-894, -58, -38
-893, -58, -38
-892, -58, -38
-892, -59, -39
-891, -59, -39
-890, -59, -39
-890, -60, -40
-889, -60, -40
-888, -60, -40
-888, -61, -41
-887, -61, -41
-886, -61, -41
-886, -62, -42
-885, -62, -42
-884, -62, -42
-884, -63, -43
-883, -63, -43
-882, -63, -43
-882, -64, -44
-881, -64, -44
-880, -64, -44
-880, -65, -45
-879, -65, -45
-878, -65, -45
-878, -66, -46
-877, -66, -46
-876, -66, -46
-876, -67, -47
-875, -67, -47
-874, -67, -47
-874, -68, -48
-873, -68, -48
-872, -68, -48
-872, -69, -49
-871, -69, -49
-870, -69, -49
-870, -70, -49
-869, -70, -49
-868, -70, -49
-868, -71, -49
-867, -71, -49
-866, -71, -49
-866, -72, -49
-865, -72, -49
-864, -72, -49
-864, -73, -49
-863, -73, -49
-862, -73, -49
-862, -74, -49
-861, -74, -49
-860, -74, -49
-860, -75, -49
-859, -75, -49
-858, -75, -49
-858, -76, -49
-857, -76, -49
-856, -76, -49
-856, -77, -49
-855, -77, -49
-854, -77, -49
-854, -78, -49
-853, -78, -49
-852, -78, -49
-852, -79, -49
-851, -79, -49
-850, -79, -49
-850, -80, -49
-849, -80, -49
-848, -80, -49
-848, -81, -49
-847, -81, -49
-846, -81, -49
-846, -82, -49
-845, -82, -49
-844, -82, -49
-844, -83, -49
-843, -83, -49
-842, -83, -49
-842, -84, -49
-841, -84, -49
-840, -84, -49
-840, -85, -49
-839, -85, -49
-838, -85, -49
-838, -86, -49
-837, -86, -49
-836, -86, -49
-836, -87, -49
-835, -87, -49
-834, -87, -49
-834, -88, -49
-833, -88, -49
-832, -88, -49
-832, -89, -49
-831, -89, -49
-830, -89, -49
-830, -90, -49
-829, -90, -49
-828, -91, -49
-827, -91, -49
-826, -92, -49
-825, -92, -49
-824, -93, -49
-823, -93, -49
-822, -94, -49
-821, -94, -49
-820, -95, -49
-819, -95, -49
-818, -96, -49
-817, -96, -49
-816, -97, -49
-815, -97, -49
-814, -98, -49
-813, -98, -49
-812, -99, -49
-811, -99, -49
-810, -100, -49
-809, -100, -49
-808, -101, -49
-807, -101, -49
-806, -102, -49
-805, -102, -49
-804, -103, -49
-803, -103, -49
-802, -104, -49
-801, -104, -49
-800, -105, -49
-799, -105, -49
-798, -106, -49
-797, -106, -49
-796, -107, -49
-795, -107, -49
-794, -108, -49
-793, -108, -49
-793, -109, -49
-792, -109, -49
-791, -109, -49
-791, -110, -49
-790, -110, -49
-789, -110, -49
-789, -111, -49
-788, -111, -49
-787, -111, -49
-787, -112, -49
-786, -112, -49
-785, -112, -49
-785, -113, -49
-784, -113, -49
-783, -113, -49
-783, -114, -49
-782, -114, -49
-781, -114, -49
-780, -115, -49
-779, -115, -49
-778, -116, -49
-777, -116, -49
-776, -117, -49
-775, -117, -49
-774, -118, -49
-773, -118, -49
-772, -119, -49
-771, -119, -49
-770, -120, -49
-769, -120, -49
-768, -121, -49
-767, -121, -49
-766, -122, -49
-765, -122, -49
-764, -123, -49
-763, -123, -49
-762, -124, -49
-761, -124, -49
-760, -125, -49
-759, -125, -49
-758, -126, -49
-757, -126, -49
-757, -127, -49
-756, -127, -49
-755, -127, -49
-755, -128, -49
-754, -128, -49
-753, -128, -49
-753, -129, -49
-752, -129, -49
-751, -129, -49
-751, -130, -49
-750, -130, -49
-749, -130, -49
-749, -131, -49
-748, -131, -49
-747, -131, -49
-747, -132, -49
-746, -132, -49
-745, -132, -49
-745, -133, -49
-744, -133, -49
-743, -133, -49
-743, -134, -49
-742, -134, -49
-741, -134, -49
-741, -135, -49
-740, -135, -49
-739, -135, -49
-739, -136, -49
-738, -136, -49
-737, -136, -49
-737, -137, -49
-736, -137, -49
-735, -137, -49
-735, -138, -49
-734, -138, -49
-733, -138, -49
-733, -139, -49
-732, -139, -49
-731, -139, -49
-731, -140, -49
-730, -140, -49
-729, -140, -49
-729, -141, -49
-728, -141, -49
-727, -141, -49
-727, -142, -49
-726, -142, -49
-725, -142, -49
-725, -143, -49
-724, -143, -49
-723, -143, -49
-723, -144, -49
-722, -144, -49
-721, -144, -49
-721, -145, -49
-720, -145, -49
-719, -145, -49
-719, -146, -49
-718, -146, -49
-717, -146, -49
-717, -147, -49
-716, -147, -49
-715, -147, -49
-715, -148, -49
-714, -148, -49
-713, -148, -49
-713, -149, -49
-712, -149, -49
-711, -149, -49
-711, -150, -49
-710, -150, -49
-709, -150, -49
-709, -151, -49
-708, -151, -49
-707, -151, -49
-707, -152, -49
-706, -152, -49
-705, -152, -49
-705, -153, -49
-704, -153, -49
-703, -153, -49
-703, -154, -49
-702, -154, -49
-701, -154, -49
-700, -154, -49
-699, -154, -49
-698, -154, -49
-697, -154, -49
-696, -154, -49
-695, -154, -49
-694, -154, -49
-693, -154, -49
-692, -154, -49
-691, -154, -49
-690, -154, -49
-689, -154, -49
-688, -154, -49
-687, -154, -49
-686, -154, -49
-685, -154, -49
-684, -154, -49
-683, -154, -49
-682, -154, -49
-681, -154, -49
-680, -154, -49
-679, -154, -49
-678, -154, -49
-677, -154, -49
-676, -154, -49
-675, -154, -49
-674, -154, -49
-673, -154, -49
-672, -154, -49
-671, -154, -49
-670, -154, -49
-669, -154, -49
-668, -154, -49
-667, -154, -49
-666, -154, -49
-665, -154, -49
-664, -154, -49
-663, -154, -49
-662, -154, -49
-661, -154, -49
-660, -154, -49
-659, -154, -49
-658, -154, -49
-657, -154, -49
-656, -154, -49
-655, -154, -49
-654, -154, -49
-653, -154, -49
-652, -154, -49
-651, -154, -49
-650, -154, -49
-649, -154, -49
-648, -154, -49
-647, -154, -49
-646, -154, -49
-645, -154, -49
-644, -154, -49
-643, -154, -49
-642, -154, -49
-641, -154, -49
-640, -154, -49
-639, -154, -49
-638, -154, -49
-637, -154, -49
-636, -154, -49
-635, -154, -49
-634, -154, -49
-633, -154, -49
-632, -154, -49
-631, -154, -49
-630, -154, -49
-629, -154, -49
-628, -154, -49
-627, -154, -49
-626, -154, -49
-625, -154, -49
-624, -154, -49
-623, -154, -49
-622, -154, -49
-621, -154, -49
-620, -154, -49
-619, -154, -49
-618, -154, -49
-617, -154, -49
-616, -154, -49
-615, -154, -49
-614, -154, -49
-613, -154, -49
-612, -154, -49
-611, -154, -49
-610, -154, -49
-609, -154, -49
-608, -154, -49
-607, -154, -49
-606, -154, -49
-605, -154, -49
-604, -154, -49
-603, -154, -49
-602, -154, -49
-601, -154, -49
-600, -154, -49
-599, -154, -49
-598, -154, -49
-597, -154, -49
-596, -154, -49
-595, -154, -49
-594, -154, -49
-593, -154, -49
-592, -154, -49
-591, -154, -49
-590, -154, -49
-589, -154, -49
-588, -154, -49
-587, -154, -49
-586, -154, -49
-585, -154, -49
-584, -154, -49
-583, -154, -49
-582, -154, -49
-581, -154, -49
-580, -154, -49
-579, -154, -49
-578, -154, -49
-577, -154, -49
-576, -154, -49
-575, -154, -49
-574, -154, -49
-573, -154, -49
-572, -154, -49
-571, -154, -49
-570, -154, -49
-569, -154, -49
-568, -154, -49
-567, -154, -49
-566, -154, -49
-565, -154, -49
-564, -154, -49
-563, -154, -49
-562, -154, -49
-561, -154, -49
-560, -154, -49
-559, -154, -49
-558, -154, -49
-557, -154, -49
-556, -154, -49
-555, -154, -49
-554, -154, -49
-553, -154, -49
-552, -154, -49
-551, -154, -49
-550, -154, -49
-549, -154, -49
-548, -154, -49
-547, -154, -49
-546, -154, -49
-545, -154, -49
-544, -154, -49
-543, -154, -49
-542, -154, -49
-541, -154, -49
-540, -154, -49
-539, -154, -49
-538, -154, -49
-537, -154, -49
-536, -154, -49
-535, -154, -49
-534, -154, -49
-533, -154, -49
-532, -154, -49
-531, -154, -49
-530, -154, -49
-529, -154, -49
-528, -154, -49
-527, -154, -49
-526, -154, -49
-525, -154, -49
-524, -154, -49
-523, -154, -49
-522, -154, -49
-521, -154, -49
-520, -154, -49
-519, -154, -49
-518, -154, -49
-517, -154, -49
-516, -154, -49
-515, -154, -49
-514, -154, -49
-513, -154, -49
-512, -154, -49
-511, -154, -49
-510, -154, -49
-509, -154, -49
-508, -154, -49
-507, -154, -49
-506, -154, -49
-505, -154, -49
-504, -154, -49
-503, -154, -49
-502, -154, -49
-501, -154, -49
-500, -154, -49
-499, -154, -49
-498, -154, -49
-497, -154, -49
-496, -154, -49
-495, -154, -49
-494, -154, -49
-493, -154, -49
-492, -154, -49
-491, -154, -49
-490, -154, -49
-489, -154, -49
-488, -154, -49
-487, -154, -49
-486, -154, -49
-485, -154, -49
-484, -154, -49
-483, -154, -49
-482, -154, -49
-481, -154, -49
-480, -154, -49
-479, -154, -49
-478, -154, -49
-477, -154, -49
-476, -154, -49
-475, -154, -49
-474, -154, -49
-473, -154, -49
-472, -154, -49
-471, -154, -49
-470, -154, -49
-469, -154, -49
-468, -154, -49
-467, -154, -49
-466, -154, -49
-465, -154, -49
-464, -154, -49
-463, -154, -49
-462, -154, -49
-461, -154, -49
-460, -154, -49
-459, -154, -49
-458, -154, -49
-457, -154, -49
-456, -154, -49
-455, -154, -49
-454, -154, -49
-453, -154, -49
-452, -154, -49
-451, -154, -49
-450, -154, -49
-449, -154, -49
-448, -154, -49
-447, -154, -49
-446, -154, -49
-445, -154, -49
-444, -154, -49
-443, -154, -49
-442, -154, -49
-441, -154, -49
-440, -154, -49
-439, -154, -49
-438, -154, -49
-437, -154, -49
-436, -154, -49
-435, -154, -49
-434, -154, -49
-433, -154, -49
-432, -154, -49
-431, -154, -49
-430, -154, -49
-429, -154, -49
-428, -154, -49
-427, -154, -49
-426, -154, -49
-425, -154, -49
-424, -154, -49
-423, -154, -49
-422, -154, -49
-421, -154, -49
-420, -154, -49
-419, -154, -49
-418, -154, -49
-417, -154, -49
Currently Idle

